3.76161851562589 2.13995828915692 0 2.89776880803023 2.06655793890952 2.80742831551761 2.01010824838396 3.45355141782644 0 1.9809228140161 3.24556173915204 0 1.55177317930167
4.2041618704054 2.13995828915692 3.12459116039594 3.75005375156853 3.09018009556563 0 2.01010824838396 1.61748610708327 2.12859042734101 1.29190618305398 1.62278086957602 3.22161688534338 0
4.2041618704054 2.13995828915692 3.12459116039594 1.47729390213306 1.98930343652038 0 2.01010824838396 2.53551876245485 2.12859042734101 2.23930405062689 1.62278086957602 2.14774459022892 2.06903090573555
0.885086709559033 2.13995828915692 2.08306077359729 2.04548386449192 2.39488957406337 0 0 5.07103752490971 0 3.01444776045928 3.24556173915204 0 0
1.32763006433855 0 1.04153038679865 2.04548386449192 1.50646279658825 0 2.01010824838396 4.41529991393 0 1.20577910418371 0 0 0
2.98716764476174 2.13995828915692 1.04153038679865 1.47729390213306 2.12449881570137 0 0 4.67759495832188 0 0.68901663096212 0 0 0
3.65098267693101 0 3.12459116039594 2.61367382685079 2.7425348348145 0 2.01010824838396 3.89070982514624 0 3.10057483932954 3.24556173915204 2.14774459022892 0
3.09780348345661 0 3.12459116039594 1.47729390213306 4.40350663618103 0 0 4.02185734734218 2.12859042734101 0.51676247322159 0 0 0
3.76161851562589 2.13995828915692 3.12459116039594 2.04548386449192 2.47214407645251 0 2.01010824838396 3.3224038956305 0 1.20577910418371 1.62278086957602 1.07387229511446 2.06903090573555
2.6552601286771 2.13995828915692 3.12459116039594 2.61367382685079 1.48714917099096 2.80742831551761 2.01010824838396 3.67213062148634 2.12859042734101 2.66993944497822 3.24556173915204 0 2.06903090573555
3.09780348345661 2.13995828915692 3.12459116039594 2.61367382685079 1.27469928942082 0 0 3.36611973636248 0 0.34450831548106 1.62278086957602 0 1.55177317930167
2.98716764476174 0 1.04153038679865 2.61367382685079 3.24468910034391 0 2.01010824838396 3.58469894002238 0 1.11965202531345 1.62278086957602 0 0
2.98716764476174 2.13995828915692 2.08306077359729 2.04548386449192 2.51077132764708 2.80742831551761 2.01010824838396 3.1038246919706 2.12859042734101 0.51676247322159 1.62278086957602 1.07387229511446 1.55177317930167
1.65953758042319 2.13995828915692 1.04153038679865 1.47729390213306 2.64596670682807 0 0 4.45901575466198 0 0 0 0 2.06903090573555
2.54462428998222 2.13995828915692 2.08306077359729 4.43188170639917 1.40989466860182 2.80742831551761 0 3.9781415066102 0 0.430635394351325 0 0 2.06903090573555
3.09780348345661 2.13995828915692 2.08306077359729 3.18186378920966 0.811172275085979 0 0 4.50273159539396 0 1.37803326192424 0 0 0
2.1020809352027 2.13995828915692 1.04153038679865 0.909103939774189 1.98930343652038 0 0 4.24043655100208 0 0.86127078870265 3.24556173915204 0 2.06903090573555
2.76589596737198 2.13995828915692 3.12459116039594 2.61367382685079 2.18243969249323 0 0 3.89070982514624 0 1.03352494644318 0 0 0
2.1020809352027 0 2.08306077359729 2.04548386449192 2.8777302139955 0 0 2.97267716977466 0 0.17225415774053 0 0 0
2.21271677389758 2.13995828915692 1.04153038679865 2.04548386449192 2.70390758361993 0 0 4.37158407319802 0 0.51676247322159 0 0 0
3.87225435432077 2.13995828915692 0 0.909103939774189 1.64165817576924 0 2.01010824838396 3.19125637343456 2.12859042734101 1.55028741966477 1.62278086957602 0 0
3.20843932215149 0 0 3.18186378920966 3.03223921877378 2.80742831551761 2.01010824838396 3.9781415066102 0 0.86127078870265 0 0 0
3.20843932215149 2.13995828915692 1.04153038679865 1.47729390213306 3.05155284437106 0 2.01010824838396 3.89070982514624 0 1.55028741966477 1.62278086957602 0 0
3.20843932215149 2.13995828915692 2.08306077359729 2.1591218569637 1.89273530853395 0 2.01010824838396 4.45901575466198 0 2.75606652384848 0 2.14774459022892 2.06903090573555
3.42971099954125 2.13995828915692 3.12459116039594 2.04548386449192 1.54509004778282 0 2.01010824838396 2.66666628465079 2.12859042734101 2.06704989288636 1.62278086957602 2.14774459022892 2.06903090573555
2.32335261259246 0 2.08306077359729 1.47729390213306 1.79616718054752 0 0 3.80327814368228 0 1.37803326192424 1.62278086957602 0 0
3.20843932215149 0 2.08306077359729 1.47729390213306 4.13311587781903 0 0 4.41529991393 0 0 0 0 0
4.09352603171053 0 0 3.18186378920966 1.93136255972852 0 0 1.87978115147515 0 2.23930405062689 3.24556173915204 0 0
1.54890174172831 2.13995828915692 3.12459116039594 3.18186378920966 2.33694869727151 0 0 4.37158407319802 0 1.29190618305398 0 0 0
1.21699422564367 2.13995828915692 3.12459116039594 0.909103939774189 0.791858649488693 0 2.01010824838396 1.87978115147515 2.12859042734101 1.7225415774053 1.62278086957602 0 2.06903090573555
4.42543354779516 0 0 2.61367382685079 2.18243969249323 0 0 3.49726725855842 0 1.55028741966477 0 2.14774459022892 0
3.42971099954125 2.13995828915692 3.12459116039594 1.3068369134254 2.00861706211766 2.80742831551761 0 3.89070982514624 2.12859042734101 1.20577910418371 0 2.14774459022892 2.06903090573555
3.87225435432077 2.13995828915692 2.08306077359729 2.61367382685079 4.03654774983261 0 0 3.80327814368228 0 0 0 0 0
3.31907516084637 2.13995828915692 3.12459116039594 2.32957884567136 2.0858715645068 0 0 3.93442566587822 0 0.430635394351325 1.62278086957602 0 2.06903090573555
1.65953758042319 2.13995828915692 2.08306077359729 2.04548386449192 2.06655793890952 0 0 4.72131079905386 2.12859042734101 0.34450831548106 0 0 0
1.43826590303343 2.13995828915692 3.12459116039594 2.61367382685079 1.93136255972852 0 0 4.67759495832188 0 0 0 0 0
1.54890174172831 2.13995828915692 3.12459116039594 1.47729390213306 0.984994905461545 0 2.01010824838396 2.14207619586703 2.12859042734101 2.15317697175663 1.62278086957602 0 2.06903090573555
3.09780348345661 2.13995828915692 3.12459116039594 3.18186378920966 2.89704383959278 0 2.01010824838396 1.79234947001119 2.12859042734101 0.51676247322159 1.62278086957602 1.07387229511446 1.55177317930167
2.87653180606686 2.13995828915692 3.12459116039594 2.1591218569637 4.38419301058374 0 0 2.66666628465079 2.12859042734101 1.03352494644318 1.62278086957602 1.07387229511446 2.06903090573555
3.54034683823613 2.13995828915692 2.08306077359729 3.18186378920966 2.25969419488237 2.80742831551761 0 2.8852454883107 2.12859042734101 0.86127078870265 1.62278086957602 0 0
3.98289019301565 0 3.12459116039594 3.18186378920966 1.91204893413124 0 2.01010824838396 1.87978115147515 0 0.86127078870265 1.62278086957602 3.22161688534338 2.06903090573555
1.21699422564367 2.13995828915692 0 2.61367382685079 1.40989466860182 0 0 4.67759495832188 2.12859042734101 1.20577910418371 0 0 2.06903090573555
4.64670522518492 0 1.04153038679865 3.75005375156853 3.3991981051222 0 0 3.9781415066102 0 0.34450831548106 0 2.14774459022892 0
3.31907516084637 2.13995828915692 2.08306077359729 3.18186378920966 1.66097180136653 2.80742831551761 0 3.7595623029503 0 1.37803326192424 0 0 0
3.54034683823613 0 3.12459116039594 2.04548386449192 3.93997962184618 0 2.01010824838396 4.28415239173406 0 0 0 0 0
3.20843932215149 2.13995828915692 2.08306077359729 1.02274193224596 2.00861706211766 0 2.01010824838396 4.10928902880614 0 2.15317697175663 1.62278086957602 1.07387229511446 2.06903090573555
2.43398845128734 2.13995828915692 2.08306077359729 0.909103939774189 0.946367654266975 0 0 2.27322371806297 0 0.51676247322159 0 0 0
2.32335261259246 2.13995828915692 3.12459116039594 3.18186378920966 2.25969419488237 0 2.01010824838396 2.49180292172287 0 2.23930405062689 1.62278086957602 0 2.06903090573555
3.98289019301565 0 2.08306077359729 2.61367382685079 5.62026504880999 2.80742831551761 2.01010824838396 3.7595623029503 0 0.68901663096212 0 1.07387229511446 0
2.6552601286771 2.13995828915692 2.08306077359729 2.04548386449192 1.37126741740725 2.80742831551761 2.01010824838396 3.5409830992904 0 1.03352494644318 3.24556173915204 0 0
1.32763006433855 0 1.04153038679865 0.625008958594755 1.39058104300453 0 0 4.24043655100208 0 0 0 1.07387229511446 0
3.98289019301565 2.13995828915692 3.12459116039594 1.47729390213306 0.984994905461545 0 0 3.01639301050664 0 0.34450831548106 0 0 2.06903090573555
1.65953758042319 2.13995828915692 3.12459116039594 1.02274193224596 3.16743459795477 0 2.01010824838396 3.58469894002238 0 0 0 1.07387229511446 0
1.65953758042319 2.13995828915692 1.04153038679865 2.04548386449192 1.79616718054752 0 2.01010824838396 5.11475336564169 0 0 0 0 0
3.42971099954125 2.13995828915692 3.12459116039594 2.04548386449192 2.45283045085522 0 0 3.19125637343456 2.12859042734101 1.20577910418371 0 1.07387229511446 2.06903090573555
2.76589596737198 2.13995828915692 3.12459116039594 1.7045698870766 2.70390758361993 0 2.01010824838396 1.66120194781525 2.12859042734101 1.89479573514583 1.62278086957602 1.07387229511446 2.06903090573555
2.32335261259246 2.13995828915692 2.08306077359729 2.61367382685079 2.06655793890952 0 0 4.02185734734218 0 0.51676247322159 1.62278086957602 1.07387229511446 2.06903090573555
1.32763006433855 2.13995828915692 3.12459116039594 0.909103939774189 0.888426777475119 0 2.01010824838396 3.80327814368228 0 0 0 0 2.06903090573555
2.76589596737198 2.13995828915692 2.08306077359729 1.76138888331249 2.83910296280093 0 2.01010824838396 3.5409830992904 0 0.430635394351325 3.24556173915204 1.07387229511446 0
2.43398845128734 2.13995828915692 0 1.76138888331249 1.68028542696381 0 2.01010824838396 2.36065539952693 2.12859042734101 1.20577910418371 0 1.07387229511446 0
2.43398845128734 0 3.12459116039594 2.04548386449192 3.45713898191405 0 0 3.1038246919706 2.12859042734101 1.03352494644318 1.62278086957602 0 2.06903090573555
1.88080925781294 0 2.08306077359729 2.72731181932257 0.984994905461545 0 2.01010824838396 3.89070982514624 2.12859042734101 1.20577910418371 3.24556173915204 0 0
3.20843932215149 2.13995828915692 3.12459116039594 1.93184587202015 1.73822630375567 0 2.01010824838396 2.62295044391881 2.12859042734101 1.89479573514583 1.62278086957602 3.22161688534338 2.06903090573555
2.76589596737198 0 2.08306077359729 2.32957884567136 3.43782535631677 2.80742831551761 0 4.32786823246604 0 0 0 0 0
2.76589596737198 2.13995828915692 3.12459116039594 1.47729390213306 1.19744478703168 0 0 1.83606531074317 0 1.20577910418371 1.62278086957602 1.07387229511446 2.06903090573555
3.42971099954125 2.13995828915692 3.12459116039594 2.89776880803023 3.01292559317649 0 2.01010824838396 3.1038246919706 2.12859042734101 2.41155820836742 1.62278086957602 2.14774459022892 2.06903090573555
3.42971099954125 2.13995828915692 2.08306077359729 2.61367382685079 1.13950391023983 0 2.01010824838396 3.67213062148634 0 2.58381236610795 1.62278086957602 0 0
2.76589596737198 2.13995828915692 2.08306077359729 3.18186378920966 2.04724431331223 0 2.01010824838396 4.10928902880614 0 1.37803326192424 0 0 2.06903090573555
3.31907516084637 2.13995828915692 3.12459116039594 4.3182437139274 3.86272511945704 0 2.01010824838396 3.01639301050664 2.12859042734101 2.92832068158901 3.24556173915204 0 2.06903090573555
1.88080925781294 2.13995828915692 2.08306077359729 3.18186378920966 2.02793068771495 0 0 3.3224038956305 0 3.10057483932954 1.62278086957602 0 0
3.98289019301565 0 2.08306077359729 3.46595877038909 2.76184846041178 0 0 3.36611973636248 0 0.68901663096212 0 0 0
4.2041618704054 2.13995828915692 3.12459116039594 1.76138888331249 2.47214407645251 2.80742831551761 0 4.02185734734218 0 0.17225415774053 1.62278086957602 2.14774459022892 2.06903090573555
3.65098267693101 2.13995828915692 3.12459116039594 1.47729390213306 2.72322120921721 0 0 1.22404354049545 2.12859042734101 1.55028741966477 1.62278086957602 2.14774459022892 2.06903090573555
3.98289019301565 2.13995828915692 3.12459116039594 0.909103939774189 2.35626232286879 0 2.01010824838396 3.80327814368228 0 0.51676247322159 0 2.14774459022892 1.55177317930167
1.65953758042319 2.13995828915692 3.12459116039594 0.909103939774189 1.37126741740725 0 2.01010824838396 4.6338791175899 0 0 0 1.07387229511446 0
3.98289019301565 0 2.08306077359729 3.75005375156853 4.51938838976474 0 2.01010824838396 3.49726725855842 0 0.68901663096212 0 0 0
3.42971099954125 2.13995828915692 3.12459116039594 1.76138888331249 2.54939857884165 0 2.01010824838396 3.06010885123862 2.12859042734101 2.41155820836742 1.62278086957602 1.07387229511446 2.06903090573555
2.43398845128734 0 2.08306077359729 2.61367382685079 3.51507985870591 0 2.01010824838396 3.1038246919706 0 1.29190618305398 0 1.07387229511446 0
2.1020809352027 2.13995828915692 1.04153038679865 2.04548386449192 2.29832144607694 0 2.01010824838396 4.76502663978585 0 0.17225415774053 1.62278086957602 0 0
3.20843932215149 2.13995828915692 3.12459116039594 3.18186378920966 2.78116208600907 0 2.01010824838396 1.74863362927921 2.12859042734101 0.68901663096212 0 0 2.06903090573555
1.77017341911807 2.13995828915692 3.12459116039594 0.568189962358868 1.58371729897739 0 2.01010824838396 3.36611973636248 2.12859042734101 2.58381236610795 1.62278086957602 0 0
2.6552601286771 0 3.12459116039594 2.04548386449192 2.66528033242536 0 2.01010824838396 3.14754053270258 0 0.34450831548106 1.62278086957602 0 0
1.10635838694879 2.13995828915692 2.08306077359729 2.61367382685079 3.76615699147062 0 2.01010824838396 4.85245832124981 0 0 0 0 0
4.31479770910028 2.13995828915692 2.08306077359729 4.88643367628626 2.85841658839821 2.80742831551761 2.01010824838396 3.45355141782644 2.12859042734101 1.37803326192424 1.62278086957602 0 2.06903090573555
2.54462428998222 2.13995828915692 1.04153038679865 1.47729390213306 3.84341149385976 0 0 4.41529991393 0 0.17225415774053 0 0 0
1.65953758042319 2.13995828915692 2.08306077359729 2.61367382685079 2.10518519010409 0 2.01010824838396 4.76502663978585 0 0 0 0 0
1.99144509650782 2.13995828915692 2.08306077359729 2.50003583437902 2.53008495324436 0 2.01010824838396 3.71584646221832 0 0 0 0 0
2.6552601286771 0 2.08306077359729 1.93184587202015 1.73822630375567 0 2.01010824838396 1.92349699220713 0 0 0 0 0.897038316274053
2.6552601286771 0 3.12459116039594 2.50003583437902 2.0858715645068 0 2.01010824838396 3.89070982514624 0 0 0 0 0
2.43398845128734 0 2.08306077359729 2.04548386449192 2.51077132764708 0 2.01010824838396 3.40983557709446 0 0.430635394351325 0 0 0
4.09352603171053 2.13995828915692 3.12459116039594 1.47729390213306 3.3991981051222 0 2.01010824838396 3.49726725855842 0 0.34450831548106 1.62278086957602 0 0
3.65098267693101 0 3.12459116039594 3.75005375156853 0.733917772696838 0 2.01010824838396 3.23497221416654 0 5.33987888995643 3.24556173915204 3.22161688534338 2.06903090573555
3.65098267693101 2.13995828915692 2.08306077359729 2.04548386449192 2.02793068771495 0 0 3.27868805489852 0 1.55028741966477 1.62278086957602 3.22161688534338 2.06903090573555
1.65953758042319 0 2.08306077359729 0.795465947302415 0.289704383959278 0 0 4.54644743612594 0 0.51676247322159 1.62278086957602 0 0
3.76161851562589 0 2.08306077359729 2.32957884567136 2.43351682525794 0 2.01010824838396 4.41529991393 0 0 0 0 0
2.54462428998222 2.13995828915692 3.12459116039594 1.93184587202015 2.49145770204979 0 0 3.93442566587822 2.12859042734101 0 0 1.07387229511446 2.06903090573555
3.31907516084637 2.13995828915692 3.12459116039594 0.909103939774189 2.18243969249323 0 2.01010824838396 3.1038246919706 2.12859042734101 1.03352494644318 1.62278086957602 1.07387229511446 2.06903090573555
3.42971099954125 0 3.12459116039594 3.18186378920966 2.54939857884165 0 2.01010824838396 3.7595623029503 0 2.23930405062689 1.62278086957602 2.14774459022892 2.06903090573555
2.54462428998222 2.13995828915692 1.04153038679865 2.27275984943547 1.44852191979639 0 0 3.80327814368228 0 0.68901663096212 0 1.07387229511446 0
2.1020809352027 2.13995828915692 3.12459116039594 1.59093189460483 1.85410805733938 0 2.01010824838396 5.02732168417773 0 0 0 0 0
1.77017341911807 2.13995828915692 3.12459116039594 1.19319892095362 2.58802583003622 0 2.01010824838396 4.98360584344575 0 0 0 0 0
0.553179193474395 2.13995828915692 0 1.36365590966128 1.08156303344797 0 2.01010824838396 4.50273159539396 0 0 0 0 0
3.09780348345661 0 3.12459116039594 1.93184587202015 3.41851173071948 0 2.01010824838396 3.84699398441426 0 0 0 1.07387229511446 0
4.64670522518492 0 2.08306077359729 0.909103939774189 2.68459395802264 2.80742831551761 2.01010824838396 2.57923460318683 0 0 0 1.07387229511446 0
2.21271677389758 2.13995828915692 2.08306077359729 1.47729390213306 1.19744478703168 0 0 2.97267716977466 0 1.7225415774053 1.62278086957602 3.22161688534338 2.06903090573555
2.76589596737198 2.13995828915692 1.04153038679865 0.795465947302415 3.53439348430319 0 0 3.71584646221832 0 0 0 0 2.06903090573555
3.31907516084637 2.13995828915692 3.12459116039594 2.61367382685079 0.984994905461545 0 0 3.9781415066102 2.12859042734101 0 0 1.07387229511446 2.06903090573555
3.09780348345661 2.13995828915692 2.08306077359729 1.93184587202015 1.98930343652038 0 2.01010824838396 3.45355141782644 0 0.34450831548106 1.62278086957602 1.07387229511446 2.06903090573555
3.54034683823613 2.13995828915692 3.12459116039594 1.47729390213306 2.58802583003622 0 0 3.01639301050664 2.12859042734101 3.10057483932954 1.62278086957602 1.07387229511446 2.06903090573555
1.10635838694879 2.13995828915692 3.12459116039594 1.36365590966128 1.79616718054752 0 0 3.01639301050664 0 1.03352494644318 1.62278086957602 0 2.06903090573555
3.54034683823613 0 3.12459116039594 2.89776880803023 3.49576623310862 0 2.01010824838396 3.27868805489852 2.12859042734101 0.86127078870265 1.62278086957602 0 2.06903090573555
2.98716764476174 2.13995828915692 3.12459116039594 1.76138888331249 2.37557594846608 2.80742831551761 2.01010824838396 3.19125637343456 2.12859042734101 1.03352494644318 1.62278086957602 1.07387229511446 0
2.54462428998222 2.13995828915692 0 1.36365590966128 1.15881753583711 0 2.01010824838396 5.20218504710565 0 0 1.62278086957602 0 1.55177317930167
1.54890174172831 0 3.12459116039594 2.1591218569637 4.15242950341632 2.80742831551761 2.01010824838396 2.84152964757872 2.12859042734101 2.58381236610795 1.62278086957602 0 2.06903090573555
3.65098267693101 0 2.08306077359729 2.04548386449192 2.64596670682807 0 0 1.13661185903149 0 1.03352494644318 1.62278086957602 1.07387229511446 2.06903090573555
1.32763006433855 2.13995828915692 1.04153038679865 2.32957884567136 1.48714917099096 0 0 2.66666628465079 0 0 1.62278086957602 0 1.55177317930167
3.20843932215149 2.13995828915692 2.08306077359729 2.61367382685079 1.64165817576924 2.80742831551761 2.01010824838396 4.10928902880614 0 0 0 0 0
0.663815032169275 0 3.12459116039594 2.50003583437902 1.10087665904526 0 0 4.85245832124981 0 1.20577910418371 0 0 0
3.76161851562589 2.13995828915692 3.12459116039594 2.04548386449192 3.93997962184618 2.80742831551761 2.01010824838396 2.66666628465079 2.12859042734101 1.55028741966477 0 3.22161688534338 2.06903090573555
3.98289019301565 2.13995828915692 3.12459116039594 2.32957884567136 2.47214407645251 0 2.01010824838396 2.44808708099089 0 2.41155820836742 1.62278086957602 1.07387229511446 2.06903090573555
2.1020809352027 2.13995828915692 3.12459116039594 2.04548386449192 2.51077132764708 2.80742831551761 2.01010824838396 3.45355141782644 2.12859042734101 0 0 2.14774459022892 2.06903090573555
3.76161851562589 0 3.12459116039594 3.18186378920966 5.42712879283714 0 2.01010824838396 3.62841478075436 0 3.4450831548106 1.62278086957602 3.22161688534338 2.06903090573555
2.43398845128734 2.13995828915692 2.08306077359729 0.340913977415321 1.85410805733938 0 0 3.14754053270258 2.12859042734101 1.03352494644318 1.62278086957602 0 0
2.87653180606686 2.13995828915692 3.12459116039594 2.61367382685079 1.75753992935295 0 0 1.74863362927921 2.12859042734101 4.82311641673484 3.24556173915204 0 2.06903090573555
3.98289019301565 2.13995828915692 0 2.50003583437902 3.01292559317649 2.80742831551761 2.01010824838396 4.50273159539396 0 1.20577910418371 1.62278086957602 1.07387229511446 0
1.77017341911807 0 1.04153038679865 2.04548386449192 2.0858715645068 0 2.01010824838396 4.54644743612594 0 0.51676247322159 1.62278086957602 0 0
2.98716764476174 0 3.12459116039594 6.022813601004 3.1288073467602 2.80742831551761 2.01010824838396 2.71038212538277 2.12859042734101 3.4450831548106 3.24556173915204 2.14774459022892 2.06903090573555
2.76589596737198 2.13995828915692 3.12459116039594 0.909103939774189 2.18243969249323 0 0 2.40437124025891 2.12859042734101 2.41155820836742 1.62278086957602 1.07387229511446 2.06903090573555
1.65953758042319 2.13995828915692 1.04153038679865 1.47729390213306 1.81548080614481 0 0 4.32786823246604 0 0 0 0 0
3.65098267693101 0 3.12459116039594 1.7045698870766 1.60303092457467 0 0 4.02185734734218 0 0 0 0 0
2.76589596737198 2.13995828915692 2.08306077359729 1.47729390213306 2.54939857884165 0 2.01010824838396 3.3224038956305 0 0.34450831548106 1.62278086957602 0 2.06903090573555
2.43398845128734 2.13995828915692 2.08306077359729 0 1.95067618532581 0 0 3.62841478075436 2.12859042734101 0 0 1.07387229511446 2.06903090573555
0 2.13995828915692 1.04153038679865 2.04548386449192 1.50646279658825 0 2.01010824838396 5.72677513588941 0 0 0 0 0
2.43398845128734 2.13995828915692 3.12459116039594 2.61367382685079 2.6073394556335 0 2.01010824838396 5.02732168417773 2.12859042734101 0 0 0 0
1.54890174172831 0 2.08306077359729 1.59093189460483 1.68028542696381 0 0 4.10928902880614 0 0.17225415774053 1.62278086957602 0 0
2.87653180606686 0 1.04153038679865 2.32957884567136 2.39488957406337 0 2.01010824838396 3.93442566587822 0 1.20577910418371 1.62278086957602 0 0
4.53606938649004 2.13995828915692 3.12459116039594 2.89776880803023 0.92705402866969 0 0 2.36065539952693 2.12859042734101 2.23930405062689 3.24556173915204 0 2.06903090573555
3.65098267693101 2.13995828915692 1.04153038679865 1.47729390213306 2.99361196757921 0 2.01010824838396 1.39890690342337 0 1.20577910418371 1.62278086957602 1.07387229511446 2.06903090573555
0.663815032169275 2.13995828915692 3.12459116039594 1.47729390213306 1.39058104300453 0 0 2.57923460318683 2.12859042734101 1.37803326192424 1.62278086957602 0 2.06903090573555
2.43398845128734 2.13995828915692 2.08306077359729 1.76138888331249 2.29832144607694 2.80742831551761 2.01010824838396 4.15300486953812 0 2.06704989288636 1.62278086957602 0 0
3.31907516084637 2.13995828915692 1.04153038679865 2.61367382685079 1.83479443174209 0 0 4.06557318807416 2.12859042734101 0 0 0 0
3.31907516084637 2.13995828915692 0 4.3182437139274 3.1288073467602 0 2.01010824838396 3.84699398441426 0 0.17225415774053 1.62278086957602 0 2.06903090573555
2.54462428998222 2.13995828915692 1.04153038679865 1.93184587202015 1.52577642218553 2.80742831551761 0 4.93989000271377 0 0 0 0 0
3.87225435432077 2.13995828915692 2.08306077359729 1.76138888331249 3.53439348430319 0 0 2.62295044391881 2.12859042734101 1.55028741966477 1.62278086957602 0 2.06903090573555
3.20843932215149 2.13995828915692 2.08306077359729 0.625008958594755 2.20175331809051 0 2.01010824838396 3.62841478075436 2.12859042734101 0.51676247322159 1.62278086957602 0 2.06903090573555
1.99144509650782 2.13995828915692 2.08306077359729 0.795465947302415 2.25969419488237 0 0 3.5409830992904 0 0 0 0 0
3.09780348345661 2.13995828915692 3.12459116039594 4.03414873274796 3.14812097235749 2.80742831551761 2.01010824838396 2.31693955879495 0 0.86127078870265 1.62278086957602 3.22161688534338 2.06903090573555
1.32763006433855 2.13995828915692 2.08306077359729 1.02274193224596 2.39488957406337 0 0 4.72131079905386 0 0 0 0 0
1.77017341911807 2.13995828915692 1.04153038679865 1.93184587202015 3.51507985870591 0 2.01010824838396 4.32786823246604 0 0 0 0 0
3.42971099954125 0 2.08306077359729 0.454551969887094 3.70821611467876 0 0 3.89070982514624 0 0 0 1.07387229511446 0
2.54462428998222 2.13995828915692 0 3.29550178168143 3.32194360273306 2.80742831551761 0 4.67759495832188 0 1.03352494644318 1.62278086957602 0 2.06903090573555
1.43826590303343 0 3.12459116039594 0.454551969887094 2.68459395802264 0 2.01010824838396 2.22950787733099 0 0.51676247322159 1.62278086957602 0 0
4.2041618704054 0 2.08306077359729 1.19319892095362 8.45936801161092 0 2.01010824838396 3.89070982514624 0 1.37803326192424 1.62278086957602 0 2.06903090573555
2.87653180606686 2.13995828915692 3.12459116039594 3.75005375156853 3.14812097235749 0 2.01010824838396 3.23497221416654 2.12859042734101 0.68901663096212 1.62278086957602 1.07387229511446 2.06903090573555
3.87225435432077 2.13995828915692 3.12459116039594 1.47729390213306 2.31763507167422 0 2.01010824838396 1.09289601829951 2.12859042734101 1.89479573514583 3.24556173915204 1.07387229511446 0
4.53606938649004 2.13995828915692 3.12459116039594 2.04548386449192 3.7854706170679 0 2.01010824838396 1.66120194781525 0 2.06704989288636 1.62278086957602 3.22161688534338 0
2.43398845128734 2.13995828915692 3.12459116039594 2.61367382685079 3.34125722833034 0 0 4.45901575466198 2.12859042734101 1.37803326192424 0 0 2.06903090573555
3.20843932215149 2.13995828915692 3.12459116039594 1.76138888331249 3.36057085392763 0 2.01010824838396 4.37158407319802 0 0 0 2.14774459022892 2.06903090573555
3.42971099954125 2.13995828915692 3.12459116039594 2.61367382685079 3.22537547474663 0 2.01010824838396 4.32786823246604 0 1.03352494644318 1.62278086957602 2.14774459022892 2.06903090573555
4.31479770910028 2.13995828915692 2.08306077359729 1.36365590966128 2.91635746519007 0 0 3.49726725855842 0 0.86127078870265 0 1.07387229511446 2.06903090573555
1.88080925781294 2.13995828915692 1.04153038679865 0.397732973651208 1.37126741740725 2.80742831551761 0 3.71584646221832 0 0 0 0 2.06903090573555
5.3105202573542 2.13995828915692 3.12459116039594 1.76138888331249 3.43782535631677 0 2.01010824838396 3.9781415066102 2.12859042734101 0 0 3.22161688534338 0
2.76589596737198 0 2.08306077359729 0.909103939774189 1.6995990525611 0 0 3.80327814368228 0 1.37803326192424 1.62278086957602 0 0
3.20843932215149 0 3.12459116039594 0.340913977415321 2.35626232286879 0 2.01010824838396 2.22950787733099 0 0.86127078870265 1.62278086957602 0 0
2.1020809352027 2.13995828915692 2.08306077359729 1.7045698870766 2.49145770204979 2.80742831551761 0 4.54644743612594 0 0 0 2.14774459022892 0
3.09780348345661 2.13995828915692 3.12459116039594 2.1591218569637 1.5644036733801 0 0 4.24043655100208 2.12859042734101 0 0 0 2.06903090573555
2.54462428998222 2.13995828915692 2.08306077359729 2.50003583437902 1.87342168293666 0 0 4.28415239173406 0 0 0 0.721900773638818 0
2.76589596737198 0 1.04153038679865 2.1591218569637 3.1288073467602 2.80742831551761 2.01010824838396 3.84699398441426 2.12859042734101 0 0 1.07387229511446 0
0.663815032169275 2.13995828915692 3.12459116039594 1.81820787954838 3.01292559317649 0 2.01010824838396 3.71584646221832 2.12859042734101 0 0 0 2.06903090573555
1.77017341911807 0 1.04153038679865 1.02274193224596 0.656663270307697 0 0 2.92896132904268 0 0 1.62278086957602 0 0
4.53606938649004 2.13995828915692 2.08306077359729 3.75005375156853 2.76184846041178 0 0 1.79234947001119 2.12859042734101 2.49768528723769 1.62278086957602 1.07387229511446 2.06903090573555
2.6552601286771 2.13995828915692 3.12459116039594 2.72731181932257 1.93136255972852 0 2.01010824838396 1.74863362927921 2.12859042734101 0 0 0 2.06903090573555
3.31907516084637 0 3.12459116039594 4.54551969887094 2.37557594846608 0 0 3.14754053270258 2.12859042734101 0 1.62278086957602 0 0
3.65098267693101 0 3.12459116039594 2.61367382685079 5.17605166007244 0 2.01010824838396 3.7595623029503 0 1.03352494644318 1.62278086957602 0 0
3.87225435432077 2.13995828915692 3.12459116039594 2.89776880803023 1.66097180136653 0 2.01010824838396 2.66666628465079 0 1.7225415774053 1.62278086957602 2.14774459022892 1.55177317930167
3.09780348345661 2.13995828915692 3.12459116039594 3.29550178168143 2.85841658839821 0 0 0.743169292443664 2.12859042734101 1.03352494644318 1.62278086957602 1.07387229511446 2.06903090573555
2.54462428998222 2.13995828915692 3.12459116039594 0.795465947302415 2.06655793890952 2.80742831551761 0 3.3224038956305 0 0.086127078870265 0 3.22161688534338 2.06903090573555
2.98716764476174 2.13995828915692 3.12459116039594 2.1591218569637 1.12019028464254 0 2.01010824838396 1.48633858488733 2.12859042734101 1.80866865627557 1.62278086957602 1.07387229511446 1.55177317930167
1.54890174172831 2.13995828915692 2.08306077359729 2.04548386449192 3.6502752378869 0 0 3.9781415066102 0 1.63641449853504 0 1.07387229511446 0
2.6552601286771 2.13995828915692 2.08306077359729 2.04548386449192 2.31763507167422 2.80742831551761 2.01010824838396 4.45901575466198 0 0 0 3.22161688534338 0
2.1020809352027 2.13995828915692 3.12459116039594 1.7045698870766 2.85841658839821 0 2.01010824838396 4.15300486953812 0 0.430635394351325 1.62278086957602 0 2.06903090573555
2.98716764476174 0 3.12459116039594 2.27275984943547 5.46575604403171 0 2.01010824838396 3.45355141782644 2.12859042734101 1.63641449853504 1.62278086957602 2.14774459022892 2.06903090573555
1.43826590303343 2.13995828915692 0 3.06822579673789 2.27900782047965 0 2.01010824838396 4.67759495832188 0 0.68901663096212 0 2.14774459022892 0
3.31907516084637 2.13995828915692 0 4.77279568381449 2.78116208600907 0 2.01010824838396 3.23497221416654 0 3.61733731255113 3.24556173915204 0 2.06903090573555
3.42971099954125 0 3.12459116039594 3.63641575909675 3.45713898191405 0 2.01010824838396 3.93442566587822 0 0 0 0 0
3.76161851562589 0 1.04153038679865 2.61367382685079 1.33264016621268 0 0 4.72131079905386 0 0 0 2.14774459022892 0
1.43826590303343 2.13995828915692 2.08306077359729 1.47729390213306 2.20175331809051 2.80742831551761 0 5.37704841003357 0 0.68901663096212 3.24556173915204 0 2.06903090573555
4.09352603171053 2.13995828915692 1.04153038679865 3.75005375156853 2.31763507167422 0 0 2.14207619586703 2.12859042734101 0 1.62278086957602 3.22161688534338 1.55177317930167
2.76589596737198 2.13995828915692 1.04153038679865 5.56826163111691 3.03223921877378 0 2.01010824838396 5.42076425076555 0 0 0 1.07387229511446 2.06903090573555
4.42543354779516 2.13995828915692 2.08306077359729 2.61367382685079 2.47214407645251 0 2.01010824838396 3.27868805489852 0 1.7225415774053 1.62278086957602 3.22161688534338 2.06903090573555
2.32335261259246 2.13995828915692 2.08306077359729 1.98866486825604 1.35195379180996 0 0 4.02185734734218 0 0 0 0 0
2.43398845128734 2.13995828915692 3.12459116039594 2.61367382685079 3.32194360273306 0 0 2.22950787733099 2.12859042734101 3.61733731255113 1.62278086957602 3.22161688534338 2.06903090573555
1.54890174172831 2.13995828915692 3.12459116039594 2.1591218569637 2.33694869727151 2.80742831551761 2.01010824838396 3.14754053270258 2.12859042734101 0.086127078870265 1.62278086957602 0.721900773638818 2.06903090573555
3.65098267693101 0 3.12459116039594 2.50003583437902 3.24468910034391 2.80742831551761 0 1.53005442561931 0 1.63641449853504 1.62278086957602 3.22161688534338 0
4.31479770910028 0 2.08306077359729 1.47729390213306 1.64165817576924 0 2.01010824838396 1.92349699220713 0 1.29190618305398 1.62278086957602 0 0
4.2041618704054 2.13995828915692 3.12459116039594 0.340913977415321 3.34125722833034 0 2.01010824838396 2.36065539952693 2.12859042734101 0.775143709832385 1.62278086957602 2.14774459022892 0
4.42543354779516 2.13995828915692 0 3.75005375156853 2.0858715645068 2.80742831551761 2.01010824838396 2.62295044391881 0 0.086127078870265 1.62278086957602 1.07387229511446 0
1.77017341911807 0 3.12459116039594 2.50003583437902 2.12449881570137 0 2.01010824838396 3.5409830992904 2.12859042734101 0.17225415774053 1.62278086957602 0 0
2.32335261259246 0 1.04153038679865 1.47729390213306 2.27900782047965 0 0 3.9781415066102 0 0.947397867572915 0 0 0
3.31907516084637 2.13995828915692 0 3.75005375156853 2.83910296280093 0 2.01010824838396 2.36065539952693 0 0 0 0 0
2.32335261259246 0 3.12459116039594 0.909103939774189 2.47214407645251 0 2.01010824838396 3.84699398441426 0 0 0 0 0
3.87225435432077 0 3.12459116039594 4.88643367628626 3.84341149385976 0 0 3.62841478075436 2.12859042734101 0 0 0 0
3.09780348345661 2.13995828915692 2.08306077359729 3.18186378920966 0 2.80742831551761 0 4.45901575466198 0 0.17225415774053 0 1.07387229511446 2.06903090573555
3.87225435432077 0 2.08306077359729 2.61367382685079 3.61164798669233 0 0 2.71038212538277 0 0.17225415774053 0 0 2.06903090573555
1.54890174172831 2.13995828915692 3.12459116039594 0.909103939774189 1.64165817576924 0 0 3.93442566587822 0 0 0 0 2.06903090573555
1.77017341911807 2.13995828915692 3.12459116039594 2.72731181932257 3.53439348430319 0 2.01010824838396 3.3224038956305 2.12859042734101 0 1.62278086957602 3.22161688534338 2.06903090573555
3.20843932215149 2.13995828915692 3.12459116039594 1.93184587202015 2.56871220443893 0 2.01010824838396 2.57923460318683 2.12859042734101 2.58381236610795 1.62278086957602 2.14774459022892 2.06903090573555
2.32335261259246 2.13995828915692 3.12459116039594 2.84094981179434 1.42920829419911 0 2.01010824838396 2.40437124025891 2.12859042734101 0.775143709832385 1.62278086957602 0 2.06903090573555
2.87653180606686 2.13995828915692 1.04153038679865 2.04548386449192 2.62665308123079 0 0 3.67213062148634 0 0 0 0 0
3.65098267693101 0 3.12459116039594 3.18186378920966 2.27900782047965 0 0 3.62841478075436 2.12859042734101 1.20577910418371 1.62278086957602 0 0
0.885086709559033 0 2.08306077359729 1.47729390213306 1.71891267815838 0 0 4.32786823246604 0 0 0 0 0
0.995722548253912 2.13995828915692 0 1.47729390213306 2.02793068771495 0 0 4.85245832124981 2.12859042734101 3.27282899707007 1.62278086957602 0 2.06903090573555
1.32763006433855 2.13995828915692 2.08306077359729 2.04548386449192 1.6995990525611 0 2.01010824838396 4.24043655100208 0 1.7225415774053 1.62278086957602 0 0
4.09352603171053 0 3.12459116039594 4.77279568381449 1.96998981092309 2.80742831551761 0 4.10928902880614 2.12859042734101 0.86127078870265 1.62278086957602 2.14774459022892 2.06903090573555
2.54462428998222 2.13995828915692 3.12459116039594 1.02274193224596 2.00861706211766 0 0 3.89070982514624 0 0 0 1.07387229511446 0
2.98716764476174 2.13995828915692 0 1.47729390213306 1.29401291501811 0 2.01010824838396 3.9781415066102 0 1.63641449853504 1.62278086957602 0 2.06903090573555
1.88080925781294 0 1.04153038679865 0.625008958594755 1.50646279658825 0 0 4.41529991393 0 0 0 0 0
1.88080925781294 0 3.12459116039594 2.50003583437902 2.25969419488237 0 2.01010824838396 3.5409830992904 2.12859042734101 0 1.62278086957602 0 0
3.87225435432077 0 3.12459116039594 2.04548386449192 3.41851173071948 0 0 2.22950787733099 0 1.7225415774053 1.62278086957602 2.14774459022892 0
3.31907516084637 2.13995828915692 3.12459116039594 2.50003583437902 2.80047571160635 0 2.01010824838396 4.85245832124981 0 0 0 0 0
1.32763006433855 0 2.08306077359729 1.02274193224596 2.7425348348145 0 2.01010824838396 4.41529991393 2.12859042734101 0 0 0 0
2.76589596737198 0 2.08306077359729 0.795465947302415 2.72322120921721 0 2.01010824838396 4.1967207102701 0 0 0 0 0
1.10635838694879 0 2.08306077359729 0 1.40989466860182 0 0 4.72131079905386 0 0 0 0 0
2.6552601286771 2.13995828915692 3.12459116039594 1.64775089084072 3.01292559317649 0 0 1.04918017756753 2.12859042734101 1.7225415774053 1.62278086957602 2.14774459022892 2.06903090573555
3.76161851562589 0 3.12459116039594 0.795465947302415 2.76184846041178 0 0 4.28415239173406 2.12859042734101 1.55028741966477 1.62278086957602 2.14774459022892 0
0.553179193474395 0 1.04153038679865 1.36365590966128 1.62234455017196 0 0 5.28961672856961 0 0.602889552091855 0 0 0
1.99144509650782 2.13995828915692 3.12459116039594 1.02274193224596 1.50646279658825 0 0 3.14754053270258 0 0.086127078870265 0 0 0
4.2041618704054 0 2.08306077359729 3.29550178168143 2.91635746519007 0 0 4.41529991393 0 0 0 1.07387229511446 0
2.76589596737198 2.13995828915692 3.12459116039594 0.909103939774189 1.54509004778282 0 2.01010824838396 1.61748610708327 2.12859042734101 0 1.62278086957602 1.07387229511446 0
4.09352603171053 2.13995828915692 3.12459116039594 1.02274193224596 1.66097180136653 0 2.01010824838396 2.66666628465079 2.12859042734101 0.086127078870265 0 1.07387229511446 0
2.54462428998222 0 2.08306077359729 2.38639784190724 1.35195379180996 0 2.01010824838396 4.28415239173406 0 0.086127078870265 1.62278086957602 0 0
2.87653180606686 0 3.12459116039594 4.88643367628626 3.88203874505433 0 1.00505412419198 2.01092867367109 2.12859042734101 2.92832068158901 1.62278086957602 0 0
2.21271677389758 2.13995828915692 2.08306077359729 1.36365590966128 0.44421338873756 0 2.01010824838396 2.40437124025891 0 0.68901663096212 0 3.22161688534338 0
4.97861274126956 0 1.04153038679865 1.47729390213306 2.76184846041178 0 2.01010824838396 2.18579203659901 2.12859042734101 0.17225415774053 0 1.07387229511446 0
2.76589596737198 0 2.08306077359729 3.75005375156853 1.44852191979639 0 0 4.02185734734218 0 0 0 1.07387229511446 0
2.76589596737198 2.13995828915692 3.12459116039594 1.59093189460483 3.09018009556563 0 2.01010824838396 1.96721283293911 2.12859042734101 2.75606652384848 1.62278086957602 2.14774459022892 0
2.98716764476174 2.13995828915692 3.12459116039594 2.04548386449192 3.03223921877378 2.80742831551761 2.01010824838396 1.39890690342337 2.12859042734101 1.37803326192424 3.24556173915204 0 2.06903090573555
1.88080925781294 2.13995828915692 3.12459116039594 1.47729390213306 2.37557594846608 0 2.01010824838396 3.19125637343456 0 0.68901663096212 0 0 2.06903090573555
2.21271677389758 0 1.04153038679865 2.27275984943547 2.80047571160635 0 0 3.9781415066102 0 0 1.62278086957602 0 0
1.43826590303343 2.13995828915692 1.04153038679865 1.47729390213306 3.2640027259412 0 0 3.9781415066102 0 0 0 0 0
1.32763006433855 2.13995828915692 1.04153038679865 0.909103939774189 2.10518519010409 0 0 3.58469894002238 0 0 0 0 0
1.32763006433855 0 1.04153038679865 1.81820787954838 3.47645260751134 0 0 4.02185734734218 0 0 0 0 0
2.21271677389758 0 3.12459116039594 2.04548386449192 2.76184846041178 0 0 4.02185734734218 0 0 0 0 0
3.54034683823613 2.13995828915692 0 2.27275984943547 2.0858715645068 0 0 3.23497221416654 0 2.23930405062689 1.62278086957602 2.14774459022892 0
3.42971099954125 0 2.08306077359729 1.47729390213306 1.00430853105883 2.80742831551761 0 1.09289601829951 0 0 0 0 0
4.2041618704054 2.13995828915692 3.12459116039594 1.47729390213306 2.14381244129866 0 0 0 0 0.86127078870265 1.62278086957602 0 0
3.20843932215149 2.13995828915692 3.12459116039594 0.340913977415321 2.0858715645068 0 0 3.71584646221832 0 0.086127078870265 0 1.07387229511446 2.06903090573555
1.99144509650782 2.13995828915692 3.12459116039594 0.909103939774189 2.8777302139955 0 2.01010824838396 2.05464451440307 2.12859042734101 0.86127078870265 1.62278086957602 1.07387229511446 0
2.54462428998222 2.13995828915692 3.12459116039594 1.76138888331249 1.66097180136653 0 0 4.24043655100208 0 0.86127078870265 0 2.14774459022892 2.06903090573555
3.65098267693101 2.13995828915692 1.04153038679865 1.93184587202015 1.58371729897739 2.80742831551761 2.01010824838396 3.01639301050664 0 0 0 0 0
3.09780348345661 2.13995828915692 3.12459116039594 0.909103939774189 1.44852191979639 0 0 2.40437124025891 2.12859042734101 1.29190618305398 1.62278086957602 0 1.55177317930167
3.20843932215149 2.13995828915692 3.12459116039594 2.95458780426611 1.77685355495024 0 0 1.48633858488733 0 1.7225415774053 1.62278086957602 1.07387229511446 2.06903090573555
3.87225435432077 2.13995828915692 3.12459116039594 1.93184587202015 2.64596670682807 0 0 1.48633858488733 2.12859042734101 0.17225415774053 1.62278086957602 1.07387229511446 2.06903090573555
2.43398845128734 0 2.08306077359729 1.47729390213306 3.2640027259412 0 2.01010824838396 3.7595623029503 0 0.51676247322159 0 0 0
1.54890174172831 2.13995828915692 3.12459116039594 1.19319892095362 3.41851173071948 0 0 4.80874248051783 0 1.03352494644318 1.62278086957602 0 0
1.43826590303343 0 2.08306077359729 1.47729390213306 1.60303092457467 0 0 4.45901575466198 0 0 1.62278086957602 0 0
4.2041618704054 0 3.12459116039594 0.681827954830641 1.87342168293666 0 0 3.1038246919706 0 0.258381236610795 0 2.14774459022892 0
5.19988441865932 0 2.08306077359729 2.61367382685079 1.37126741740725 0 1.00505412419198 1.96721283293911 0 0.947397867572915 1.62278086957602 0 0
4.53606938649004 2.13995828915692 1.04153038679865 3.52277776662498 2.29832144607694 0 2.01010824838396 3.14754053270258 0 0 0 0 0
3.09780348345661 2.13995828915692 1.04153038679865 1.7045698870766 2.6073394556335 0 0 3.06010885123862 0 0.258381236610795 0 0 2.06903090573555
1.65953758042319 0 2.08306077359729 1.36365590966128 2.24038056928508 0 0 3.40983557709446 0 0.258381236610795 1.62278086957602 1.07387229511446 0
3.20843932215149 0 1.04153038679865 2.38639784190724 3.72752974027604 2.80742831551761 2.01010824838396 3.5409830992904 0 0 0 2.14774459022892 0
3.42971099954125 0 0 3.18186378920966 2.20175331809051 0 0 4.37158407319802 0 0.775143709832385 0 0 0
1.65953758042319 2.13995828915692 2.08306077359729 1.47729390213306 1.93136255972852 0 0 4.28415239173406 0 0 0 0 0
3.54034683823613 2.13995828915692 3.12459116039594 2.50003583437902 0.772545023891408 0 2.01010824838396 2.36065539952693 2.12859042734101 3.10057483932954 1.62278086957602 1.07387229511446 0
1.43826590303343 2.13995828915692 3.12459116039594 2.38639784190724 3.6502752378869 0 0 2.36065539952693 2.12859042734101 1.55028741966477 1.62278086957602 0 1.55177317930167
2.54462428998222 2.13995828915692 3.12459116039594 1.93184587202015 1.50646279658825 2.80742831551761 0 3.71584646221832 2.12859042734101 0.86127078870265 1.62278086957602 0 0.897038316274053
3.31907516084637 2.13995828915692 2.08306077359729 1.81820787954838 1.77685355495024 2.80742831551761 0 2.75409796611475 0 1.89479573514583 1.62278086957602 1.07387229511446 1.55177317930167
1.21699422564367 2.13995828915692 3.12459116039594 3.29550178168143 1.87342168293666 0 0 4.80874248051783 0 0 0 0 2.06903090573555
1.43826590303343 2.13995828915692 2.08306077359729 2.04548386449192 1.0429357822534 0 0 3.45355141782644 0 0 0 0 0
3.54034683823613 2.13995828915692 3.12459116039594 2.61367382685079 1.5644036733801 0 2.01010824838396 2.92896132904268 2.12859042734101 1.63641449853504 0 1.07387229511446 2.06903090573555
4.09352603171053 2.13995828915692 3.12459116039594 3.75005375156853 1.96998981092309 0 2.01010824838396 2.92896132904268 0 1.9809228140161 0 0 1.55177317930167
1.88080925781294 2.13995828915692 3.12459116039594 2.61367382685079 3.57302073549776 0 0 2.14207619586703 2.12859042734101 1.55028741966477 1.62278086957602 2.14774459022892 2.06903090573555
4.64670522518492 0 3.12459116039594 1.02274193224596 0.44421338873756 0 0 2.36065539952693 0 1.37803326192424 1.62278086957602 0 0
3.31907516084637 2.13995828915692 0 2.27275984943547 1.50646279658825 0 0 3.9781415066102 0 0.68901663096212 0 2.14774459022892 0
3.87225435432077 2.13995828915692 0 4.3182437139274 1.95067618532581 0 2.01010824838396 3.67213062148634 0 0.51676247322159 1.62278086957602 0 2.06903090573555
4.09352603171053 0 2.08306077359729 2.95458780426611 2.93567109078735 0 2.01010824838396 3.5409830992904 0 0 1.62278086957602 1.07387229511446 0
1.10635838694879 0 2.08306077359729 2.50003583437902 1.81548080614481 0 0 3.5409830992904 0 0 1.62278086957602 0 0
3.09780348345661 2.13995828915692 1.04153038679865 3.40913977415321 2.04724431331223 0 2.01010824838396 4.06557318807416 0 0 0 1.07387229511446 0
3.20843932215149 0 3.12459116039594 2.04548386449192 1.37126741740725 0 0 2.62295044391881 0 0.51676247322159 1.62278086957602 0 0
3.09780348345661 2.13995828915692 3.12459116039594 0.909103939774189 4.03654774983261 0 0 3.14754053270258 2.12859042734101 2.58381236610795 1.62278086957602 1.07387229511446 2.06903090573555
1.99144509650782 2.13995828915692 2.08306077359729 2.04548386449192 2.45283045085522 0 0 4.72131079905386 0 0 0 0 0
2.87653180606686 0 3.12459116039594 1.93184587202015 1.52577642218553 0 1.00505412419198 2.57923460318683 2.12859042734101 1.7225415774053 1.62278086957602 1.07387229511446 2.06903090573555
0.663815032169275 2.13995828915692 1.04153038679865 1.59093189460483 1.27469928942082 0 0 4.50273159539396 0 0 0 0 0
3.54034683823613 2.13995828915692 3.12459116039594 3.06822579673789 1.48714917099096 0 0 3.93442566587822 0 0 0 1.07387229511446 2.06903090573555
3.20843932215149 2.13995828915692 3.12459116039594 1.13637992471774 3.70821611467876 0 1.00505412419198 3.01639301050664 0 3.78959147029166 3.24556173915204 3.22161688534338 1.55177317930167
3.20843932215149 0 3.12459116039594 4.3182437139274 1.91204893413124 2.80742831551761 2.01010824838396 3.27868805489852 2.12859042734101 2.41155820836742 1.62278086957602 2.14774459022892 1.55177317930167
3.20843932215149 2.13995828915692 1.04153038679865 1.76138888331249 1.81548080614481 0 0 3.19125637343456 0 0.34450831548106 1.62278086957602 0.721900773638818 2.06903090573555
2.98716764476174 2.13995828915692 1.04153038679865 2.04548386449192 1.83479443174209 0 2.01010824838396 4.02185734734218 0 0 0 0 2.06903090573555
2.98716764476174 2.13995828915692 1.04153038679865 1.47729390213306 2.20175331809051 0 0 4.28415239173406 0 0 3.24556173915204 0 0
4.2041618704054 2.13995828915692 2.08306077359729 3.29550178168143 1.66097180136653 0 2.01010824838396 3.45355141782644 0 0.68901663096212 1.62278086957602 0 2.06903090573555
2.87653180606686 0 1.04153038679865 2.1591218569637 4.1717431290136 0 0 4.15300486953812 0 1.03352494644318 0 0 0
1.65953758042319 2.13995828915692 3.12459116039594 1.47729390213306 0.830485900683264 0 0 3.19125637343456 2.12859042734101 2.41155820836742 3.24556173915204 0 1.55177317930167
3.76161851562589 2.13995828915692 3.12459116039594 2.61367382685079 1.1781311614344 0 2.01010824838396 3.19125637343456 2.12859042734101 3.4450831548106 0 2.14774459022892 2.06903090573555
3.76161851562589 0 3.12459116039594 1.7045698870766 1.37126741740725 0 0 2.84152964757872 2.12859042734101 0 1.62278086957602 0 0
1.32763006433855 2.13995828915692 1.04153038679865 1.47729390213306 0.598722393515841 0 0 4.85245832124981 0 0 0 0 0
3.31907516084637 2.13995828915692 3.12459116039594 3.97732973651207 0.96568127986426 2.80742831551761 2.01010824838396 0.830600973907624 0 0.86127078870265 1.62278086957602 2.14774459022892 1.55177317930167
3.09780348345661 0 3.12459116039594 2.61367382685079 2.2210669436878 0 0 2.27322371806297 2.12859042734101 0.17225415774053 1.62278086957602 0 2.06903090573555
1.77017341911807 2.13995828915692 0 0.909103939774189 2.66528033242536 0 0 2.66666628465079 0 1.03352494644318 1.62278086957602 0 2.06903090573555
4.31479770910028 2.13995828915692 3.12459116039594 2.84094981179434 1.29401291501811 2.80742831551761 0 3.06010885123862 0 2.92832068158901 1.62278086957602 2.14774459022892 2.06903090573555
3.09780348345661 2.13995828915692 3.12459116039594 2.04548386449192 0.096568127986426 0 0 1.92349699220713 2.12859042734101 1.03352494644318 1.62278086957602 1.07387229511446 2.06903090573555
3.09780348345661 0 1.04153038679865 2.04548386449192 2.12449881570137 0 2.01010824838396 4.50273159539396 0 0 1.62278086957602 1.07387229511446 0
0.995722548253912 2.13995828915692 2.08306077359729 2.50003583437902 0.946367654266975 0 0 4.45901575466198 0 0 0 0.721900773638818 0
